Mo=1.98847e30
kpc=3.08567758128e19
h=0.6727
H=0.1
G=43007.1
rho_c=2.7755000295049315e-8
M_vir=0.000517
c=21.794871794871796
rho_avg=2.7755000295049317e-9
v_k=40
tau=3
t_end=14
numOfSteps=15
firstShellThickness=1.0e-5
shellThicknessFactor=1.0032
extend_factor=4
tol_ellipseGuess=1.0000000000000001e-7
orderOfpolynomial=14
rho_0=4.413083402623035e-6
R_s=1.6255459378540988
R_vir=35.42856531220472
NFW_params=[4.41308e-6, 1.62555, 21.7949]
delta_m=0.06404183114605234
t=[0.0, 0.286452, 0.593215, 0.923391, 1.28085, 1.67051, 2.09876, 2.57408, 3.10811, 3.71744, 4.42683, 5.27573, 6.33278, 7.73443, 9.82047, 14.0]
numOfShells=3357
timeTaken_total=1083.577643629
