Mo=1.98847e30
kpc=3.08567758128e19
h=0.6727
H=0.1
G=43007.1
rho_c=2.7755000295049315e-8
M_vir=0.5485959134335028
c=14.211989999999998
rho_avg=5.551000059009863e-6
v_k=40
tau=3
t_end=14
numOfSteps=15
firstShellThickness=1.0e-5
shellThicknessFactor=1.0032
extend_factor=4
tol_ellipseGuess=1.0000000000000001e-7
orderOfpolynomial=14
rho_0=0.003540630403220117
R_s=2.0181
R_vir=28.681217018999998
NFW_params=[0.00354063, 2.0181, 14.212]
delta_m=0.06404183114605234
t=[0.0, 0.286452, 0.593215, 0.923391, 1.28085, 1.67051, 2.09876, 2.57408, 3.10811, 3.71744, 4.42683, 5.27573, 6.33278, 7.73443, 9.82047, 14.0]
numOfShells=3290
timeTaken_total=2974.619919921
